[0x7f300147a890:3234693437] (1) 82 28
[0x7f300151bee0:365647776] (1) 80 1
[0x7f30014c8620:2743058221] (1) 22 23 83 34 31 84 4
[0x7f300147a030:1916905466] (1) 22 23 83 34 33
[0x7f30014eee70:3064834205] (1) 22 23 83 34 31 2 3 5 8
[0x7f3001515a80:3371043306] (1) 14 16 17
[0x7f300148d7c0:1447587645] (1) 82 24
[0x7f3001519ca0:71537521] (1) 80 21 83 36
[0x7f3001527f40:1789085559] (1) 12 12 12 12 12 12 12 12 12 12 12 12
[0x7f3001515480:3487596055] (1) 80 21 32
[0x7f300148d560:1407811692] (1) 13 16 17
[0x7f300151a420:3810583232] (1) 14 16
[0x7f30014c8200:1240274408] (1) 80 21 83 34 31
[0x7f3001527a80:3705533201] (1) 80 21 83 38
[0x7f300147a230:76589836] (1) 80 21 83 34 33
[0x7f30015158a0:1966886997] (1) 13 16
[0x7f300151c0a0:2439355814] (1) 13 15
[0x7f30015153b0:1369251718] (1) 80 21 23 26
[0x7f300147a1b0:3365386283] (1) 80 21 83 36 37
[0x7f3001517000:3247131410] (1) 13 16 18
[0x7f3001515340:1911877810] (1) 80 21
[0x7f300148da30:587566966] (1) 22 23 83 34 31
[0x7f300147a190:2040685305] (1) 80 31 34
[0x7f30014eef10:3454746596] (1) 14 16 18
[0x7f3001517a50:3247103563] (1) 80 21 83 27
[0x7f3001514970:2448081105] (17) 
[0x7f300151fbb0:3598629893] (1) 82 24 25
[0x7f30014c8400:3071901205] (1) 80 21 23 22
[0x7f3001503180:552971300] (1) 14
[0x7f3001515620:1163290926] (1) 22 23 83 34 31 84 10
[0x7f300147a150:2573617226] (1) 22 23 83 34 31 2 3 5 7 6 84 35
[0x7f30014c7ca0:2179069958] (1) 14 15 13
[0x7f300147a130:2960497388] (1) 22 23 26 82 15 14 81 5 7 6 3
[0x7f30014c8020:2415942768] (1) 80 2
[0x7f30014ef410:3399149406] (1) 80 21 23

